{
  "nbformat": 4,
  "nbformat_minor": 0,
  "metadata": {
    "colab": {
      "provenance": [],
      "include_colab_link": true
    },
    "kernelspec": {
      "name": "python3",
      "display_name": "Python 3"
    },
    "language_info": {
      "name": "python"
    }
  },
  "cells": [
    {
      "cell_type": "markdown",
      "metadata": {
        "id": "view-in-github",
        "colab_type": "text"
      },
      "source": [
        "<a href=\"https://colab.research.google.com/github/Rjmarquart/rjmarquart.github.io/blob/main/CSC114%2C_Mod_2_Lab.ipynb\" target=\"_parent\"><img src=\"https://colab.research.google.com/assets/colab-badge.svg\" alt=\"Open In Colab\"/></a>"
      ]
    },
    {
      "cell_type": "markdown",
      "source": [
        "# Lab Assignment: Introduction to NumPy, Aggregations, and Universal Functions\n",
        "\n",
        "# CSC-114\n",
        "\n",
        "In these lab assignments, I will provide a file for you, as you can see here, and will have code cells present where I want you to insert your code. You can add / remove code cells as you see fit. Just be sure to answer the question(s) posed.\n",
        "\n",
        "**Note: be sure to turn in notebook with code cells executed or it will be an automatic 0.**"
      ],
      "metadata": {
        "id": "kGfamLXO5aUU"
      }
    },
    {
      "cell_type": "markdown",
      "source": [
        "## Task 1: Import Numpy and alias as np."
      ],
      "metadata": {
        "id": "fWudRJND5gWU"
      }
    },
    {
      "cell_type": "code",
      "source": [
        "import numpy as np"
      ],
      "metadata": {
        "id": "UZPyq5qr6IUV"
      },
      "execution_count": 17,
      "outputs": []
    },
    {
      "cell_type": "markdown",
      "source": [
        "## Task 2: Create & print a NumPy array of integers from 1 to 20."
      ],
      "metadata": {
        "id": "HfJO8T846I8k"
      }
    },
    {
      "cell_type": "code",
      "source": [
        "import numpy as np\n",
        "\n",
        "arr = np.arange(1, 21)\n",
        "print(arr)"
      ],
      "metadata": {
        "id": "yj2L3qWr6NrM",
        "colab": {
          "base_uri": "https://localhost:8080/"
        },
        "outputId": "3c81da85-1283-4f45-ba02-c240b59d1a11"
      },
      "execution_count": 18,
      "outputs": [
        {
          "output_type": "stream",
          "name": "stdout",
          "text": [
            "[ 1  2  3  4  5  6  7  8  9 10 11 12 13 14 15 16 17 18 19 20]\n"
          ]
        }
      ]
    },
    {
      "cell_type": "markdown",
      "source": [
        "## Task 3: Perform & print basic arithmetic operations (+, -, *, /) on said array."
      ],
      "metadata": {
        "id": "qzwmJssX6Tqk"
      }
    },
    {
      "cell_type": "code",
      "source": [
        "arr = np.arange(1, 21)\n",
        "\n",
        "print(arr + 5)\n",
        "print(arr - 2)\n",
        "print(arr * 3)\n",
        "print(arr / 2)\n"
      ],
      "metadata": {
        "id": "vt3QxiPy6Z9W",
        "colab": {
          "base_uri": "https://localhost:8080/"
        },
        "outputId": "4e9cbfc7-2fc0-4778-9e9f-ef31f83e7914"
      },
      "execution_count": 19,
      "outputs": [
        {
          "output_type": "stream",
          "name": "stdout",
          "text": [
            "[ 6  7  8  9 10 11 12 13 14 15 16 17 18 19 20 21 22 23 24 25]\n",
            "[-1  0  1  2  3  4  5  6  7  8  9 10 11 12 13 14 15 16 17 18]\n",
            "[ 3  6  9 12 15 18 21 24 27 30 33 36 39 42 45 48 51 54 57 60]\n",
            "[ 0.5  1.   1.5  2.   2.5  3.   3.5  4.   4.5  5.   5.5  6.   6.5  7.\n",
            "  7.5  8.   8.5  9.   9.5 10. ]\n"
          ]
        }
      ]
    },
    {
      "cell_type": "markdown",
      "source": [
        "## Task 4: Calculate & print sum, mean, minimum, standard deviation, and maximum of said array."
      ],
      "metadata": {
        "id": "tVm2XxVG6cRT"
      }
    },
    {
      "cell_type": "code",
      "source": [
        "print(\"\\nSum:\", np.sum(arr))\n",
        "print(\"Mean:\", np.mean(arr))\n",
        "print(\"Minimum:\", np.min(arr))\n",
        "print(\"Standard Deviation:\", np.std(arr))\n",
        "print(\"Maximum:\", np.max(arr))"
      ],
      "metadata": {
        "id": "DKqfnlNB6k_o",
        "colab": {
          "base_uri": "https://localhost:8080/"
        },
        "outputId": "dbb67467-f69d-4ccd-88c4-42e949237fef"
      },
      "execution_count": 20,
      "outputs": [
        {
          "output_type": "stream",
          "name": "stdout",
          "text": [
            "\n",
            "Sum: 210\n",
            "Mean: 10.5\n",
            "Minimum: 1\n",
            "Standard Deviation: 5.766281297335398\n",
            "Maximum: 20\n"
          ]
        }
      ]
    },
    {
      "cell_type": "markdown",
      "source": [
        "## Task 5: Use ufuncs to calculate the square root, square, and exponent of each element in said array."
      ],
      "metadata": {
        "id": "yq8lvdfE6lba"
      }
    },
    {
      "cell_type": "code",
      "source": [
        "print(\"\\nSquare root:\")\n",
        "print(np.sqrt(arr))\n",
        "print(\"\\nSquare:\")\n",
        "print(np.square(arr))\n",
        "print(\"\\nExponent:\")\n",
        "print(np.exp(arr))"
      ],
      "metadata": {
        "id": "Dm4fYAGn6-h6",
        "colab": {
          "base_uri": "https://localhost:8080/"
        },
        "outputId": "065895a5-aa75-45fb-c2ed-5e87127c12cd"
      },
      "execution_count": 21,
      "outputs": [
        {
          "output_type": "stream",
          "name": "stdout",
          "text": [
            "\n",
            "Square root:\n",
            "[1.         1.41421356 1.73205081 2.         2.23606798 2.44948974\n",
            " 2.64575131 2.82842712 3.         3.16227766 3.31662479 3.46410162\n",
            " 3.60555128 3.74165739 3.87298335 4.         4.12310563 4.24264069\n",
            " 4.35889894 4.47213595]\n",
            "\n",
            "Square:\n",
            "[  1   4   9  16  25  36  49  64  81 100 121 144 169 196 225 256 289 324\n",
            " 361 400]\n",
            "\n",
            "Exponent:\n",
            "[2.71828183e+00 7.38905610e+00 2.00855369e+01 5.45981500e+01\n",
            " 1.48413159e+02 4.03428793e+02 1.09663316e+03 2.98095799e+03\n",
            " 8.10308393e+03 2.20264658e+04 5.98741417e+04 1.62754791e+05\n",
            " 4.42413392e+05 1.20260428e+06 3.26901737e+06 8.88611052e+06\n",
            " 2.41549528e+07 6.56599691e+07 1.78482301e+08 4.85165195e+08]\n"
          ]
        }
      ]
    },
    {
      "cell_type": "markdown",
      "source": [
        "## Task 6: Create a new NumPy array of random integers between 1 and 100 with a shape of 10x10. Calculate & print the sum of each column in this array."
      ],
      "metadata": {
        "id": "XwLuYvX47BJC"
      }
    },
    {
      "cell_type": "code",
      "source": [
        "arr = np.random.randint(1, 101, size=(10, 10))\n",
        "\n",
        "print(\"Random array 10x10: \")\n",
        "print(arr)\n",
        "\n",
        "column_sums = np.sum(arr, axis=0)\n",
        "\n",
        "print(\"\\nSum of each column: \")\n",
        "print(column_sums)"
      ],
      "metadata": {
        "id": "FrO1n9Rq7KMK",
        "colab": {
          "base_uri": "https://localhost:8080/"
        },
        "outputId": "2734cd1b-c028-4172-eb5f-c68cf2d0b23d"
      },
      "execution_count": 22,
      "outputs": [
        {
          "output_type": "stream",
          "name": "stdout",
          "text": [
            "Random array 10x10: \n",
            "[[ 65  18  41  77  61  65  71  34  62  24]\n",
            " [ 11 100  74  36  72  67  62  33  99  74]\n",
            " [ 81  74  67  12  42  60  71  69  17  11]\n",
            " [ 86  76  97  12  67   8  62  46  77  24]\n",
            " [ 83  35  74  85  21  19  67 100  95  26]\n",
            " [100  24  98  79  89   2  25  33  44   5]\n",
            " [ 77  83  80  38   7  71  29   5  71  55]\n",
            " [ 37  92  16  83  60  80  90  13  53  76]\n",
            " [  8  60  31  70  69  41   7  38  17  38]\n",
            " [ 19  93  48  90  99  82  41  74  38  69]]\n",
            "\n",
            "Sum of each column: \n",
            "[567 655 626 582 587 495 525 445 573 402]\n"
          ]
        }
      ]
    },
    {
      "cell_type": "markdown",
      "source": [
        "## Task 7: find & print the transpose of the array."
      ],
      "metadata": {
        "id": "2mkwImb67ocS"
      }
    },
    {
      "cell_type": "code",
      "source": [
        "transpose_arr = arr.T\n",
        "\n",
        "print(\"\\nTranposed array:\")\n",
        "print(transpose_arr)\n"
      ],
      "metadata": {
        "id": "xaDbQOsk7rbX",
        "colab": {
          "base_uri": "https://localhost:8080/"
        },
        "outputId": "64f3952a-42b0-4f51-dcd7-59bbc9c9c3c3"
      },
      "execution_count": 23,
      "outputs": [
        {
          "output_type": "stream",
          "name": "stdout",
          "text": [
            "\n",
            "Tranposed array:\n",
            "[[ 65  11  81  86  83 100  77  37   8  19]\n",
            " [ 18 100  74  76  35  24  83  92  60  93]\n",
            " [ 41  74  67  97  74  98  80  16  31  48]\n",
            " [ 77  36  12  12  85  79  38  83  70  90]\n",
            " [ 61  72  42  67  21  89   7  60  69  99]\n",
            " [ 65  67  60   8  19   2  71  80  41  82]\n",
            " [ 71  62  71  62  67  25  29  90   7  41]\n",
            " [ 34  33  69  46 100  33   5  13  38  74]\n",
            " [ 62  99  17  77  95  44  71  53  17  38]\n",
            " [ 24  74  11  24  26   5  55  76  38  69]]\n"
          ]
        }
      ]
    },
    {
      "cell_type": "markdown",
      "source": [
        "## Task 8: Using the linalg module in NumPy, calculate and print the determinant of this matrix."
      ],
      "metadata": {
        "id": "16oW7N-K7ryC"
      }
    },
    {
      "cell_type": "code",
      "source": [
        "print(\"Matrix:\")\n",
        "print(arr)\n",
        "\n",
        "determinant = np.linalg.det(arr)\n",
        "\n",
        "print(\"\\nDeterminant:\")\n",
        "print(determinant)"
      ],
      "metadata": {
        "id": "SsPQkeiA7yVj",
        "colab": {
          "base_uri": "https://localhost:8080/"
        },
        "outputId": "ba8fafb0-956d-43ee-de75-49c56230f9c8"
      },
      "execution_count": 24,
      "outputs": [
        {
          "output_type": "stream",
          "name": "stdout",
          "text": [
            "Matrix:\n",
            "[[ 65  18  41  77  61  65  71  34  62  24]\n",
            " [ 11 100  74  36  72  67  62  33  99  74]\n",
            " [ 81  74  67  12  42  60  71  69  17  11]\n",
            " [ 86  76  97  12  67   8  62  46  77  24]\n",
            " [ 83  35  74  85  21  19  67 100  95  26]\n",
            " [100  24  98  79  89   2  25  33  44   5]\n",
            " [ 77  83  80  38   7  71  29   5  71  55]\n",
            " [ 37  92  16  83  60  80  90  13  53  76]\n",
            " [  8  60  31  70  69  41   7  38  17  38]\n",
            " [ 19  93  48  90  99  82  41  74  38  69]]\n",
            "\n",
            "Determinant:\n",
            "1.1000804988163112e+18\n"
          ]
        }
      ]
    }
  ]
}